0 0 0.724 0 1.8 0 0 1
1.005 0 0.922 0 1.8 2.24 -0.15 1
1.75 0 0.985 0 1.8 2.062 -0.07 1
3.5 0 0.851 0 1.8 1.948 -0.27 1
4.444 0.803852 1.85372 -2.01011 1.8 2.198 -0.32 1.5
5.703 -3.20544 1.71027 -4.82748 0.001 2.538 -0.29 1
6.795 -7.77953 1.59958 -1.82559 1.501 3.098 -0.24 0.5
8.873 -11.0192 2.54889 -3.28114 0.139 3.098 -0.24 0.1
11.692 -13.233 0.872374 -3.9316 0.139 3.098 -0.24 1
11.963 -14.454 0.975208 -4.20026 0.139 3.10998 -0.229848 0.600605
12.265 -16.0062 1.04803 -4.17855 0.139 3.12839 -0.214244 0.1
12.831 -17.1059 1.13455 -4.26378 0.139 3.14385 -0.201143 0.0222077
12.9 -17.307 1.23292 1.899 9.511 5.347 0.127 0.0125965
13.3606 -58.9489 -12.3135 -1.94585 1.21329 4.68767 0.439697 0.03
13.7 -70.501 -20.029 -1.04739 1.892 4.715 0.524331 0.1
